# # comment:                                                     FEFF 9.9.1  
# # Source:
# # Structure
# # Reduced
# # space
# # abc:
# # angles:
# # sites:
# # POT  SCF 100  7.0000   0, NO core-hole, AFOLP (folp(0)= 1.150)
# # Abs   Z=29 Rmt= 1.366 Rnm= 1.403 L2 shell
# # Pot 1 Z=29 Rmt= 1.366 Rnm= 1.403
# # Gam_ch=1.162E+00 H-L exch Vi= 0.000E+00 Vr= 0.000E+00
# # Mu=-7.858E+00eV kf=1.988E+00 Vint=-1.645E+01eV Rs_int= 1.824
# FMS rfms= 9.0000
# # PATH  Rmax=-1.000,  Keep_limit= 0.00, Heap_limit 0.00  Pwcrit= 2.50%
#  S02=0.984  Temp=   0.00  Debye_temp=   0.00  Global_sig2= 0.00000
#  Energy zero shift, vr, vi    0.00000E+00   0.00000E+00
#  Curved wave amplitude ratio filter   4.000%
#     file         sig2 tot  cw amp ratio   deg  nlegs   reff  inp sig2
#     0/   0 paths used
#  xsedge+ 50, used to normalize mu           3.2716E-03
#  -----------------------------------------------------------------------
#  omega    e    k    mu    mu0     chi     @#
     953.566    -10.297  -0.800  1.09823E-01  1.14536E-01 -4.71213E-03
     954.030     -9.833  -0.720  1.35677E-01  1.41661E-01 -5.98350E-03
     954.444     -9.419  -0.640  1.71893E-01  1.79177E-01 -7.28338E-03
     954.810     -9.053  -0.560  2.23502E-01  2.31852E-01 -8.34976E-03
     955.127     -8.736  -0.480  2.97207E-01  3.05924E-01 -8.71698E-03
     955.395     -8.468  -0.400  3.99191E-01  4.07024E-01 -7.83259E-03
     955.614     -8.249  -0.320  5.27741E-01  5.33390E-01 -5.64950E-03
     955.785     -8.078  -0.240  6.63853E-01  6.67211E-01 -3.35827E-03
     955.805     -8.058  -0.229  6.81258E-01  6.84395E-01 -3.13670E-03
     955.905     -7.958  -0.162  7.74974E-01  7.77463E-01 -2.48896E-03
     956.005     -7.858   0.000  8.72882E-01  8.75726E-01 -2.84406E-03
     956.105     -7.758   0.162  9.61643E-01  9.68730E-01 -7.08706E-03
     956.205     -7.658   0.229  1.03971E+00  1.05426E+00 -1.45483E-02
     956.305     -7.558   0.281  1.10180E+00  1.12771E+00 -2.59183E-02
     956.405     -7.458   0.324  1.14668E+00  1.18776E+00 -4.10858E-02
     956.498     -7.365   0.360  1.17397E+00  1.23224E+00 -5.82651E-02
     956.614     -7.249   0.400  1.19049E+00  1.27293E+00 -8.24397E-02
     956.742     -7.121   0.440  1.19193E+00  1.30331E+00 -1.11381E-01
     956.882     -6.981   0.480  1.17950E+00  1.32336E+00 -1.43855E-01
     957.035     -6.828   0.520  1.15570E+00  1.33384E+00 -1.78140E-01
     957.199     -6.664   0.560  1.12372E+00  1.33608E+00 -2.12358E-01
     957.376     -6.487   0.600  1.08690E+00  1.33165E+00 -2.44756E-01
     957.565     -6.298   0.640  1.04806E+00  1.32188E+00 -2.73822E-01
     957.766     -6.097   0.680  1.00983E+00  1.30808E+00 -2.98251E-01
     957.980     -5.883   0.720  9.74588E-01  1.29136E+00 -3.16768E-01
     958.205     -5.658   0.760  9.44628E-01  1.27259E+00 -3.27957E-01
     958.443     -5.420   0.800  9.22531E-01  1.25264E+00 -3.30114E-01
     958.693     -5.170   0.840  9.11005E-01  1.23204E+00 -3.21040E-01
     958.955     -4.908   0.880  9.13661E-01  1.21133E+00 -2.97669E-01
     959.229     -4.634   0.920  9.35395E-01  1.19080E+00 -2.55408E-01
     959.516     -4.347   0.960  9.82941E-01  1.17076E+00 -1.87817E-01
     959.815     -4.048   1.000  1.06205E+00  1.15145E+00 -8.93989E-02
     960.126     -3.738   1.040  1.16497E+00  1.13301E+00  3.19586E-02
     960.449     -3.414   1.080  1.25194E+00  1.11556E+00  1.36379E-01
     960.784     -3.079   1.120  1.26964E+00  1.09910E+00  1.70540E-01
     961.131     -2.732   1.160  1.21362E+00  1.08378E+00  1.29841E-01
     961.491     -2.372   1.200  1.12596E+00  1.06954E+00  5.64157E-02
     961.863     -2.000   1.240  1.04305E+00  1.05632E+00 -1.32717E-02
     962.247     -1.616   1.280  9.84697E-01  1.04425E+00 -5.95493E-02
     962.643     -1.220   1.320  9.63292E-01  1.03323E+00 -6.99333E-02
     963.052     -0.811   1.360  9.85836E-01  1.02325E+00 -3.74149E-02
     963.472     -0.391   1.400  1.04813E+00  1.01425E+00  3.38864E-02
     963.905      0.042   1.440  1.12546E+00  1.00621E+00  1.19247E-01
     964.350      0.487   1.480  1.18095E+00  9.99089E-01  1.81857E-01
     964.807      0.944   1.520  1.19612E+00  9.92837E-01  2.03285E-01
     965.277      1.414   1.560  1.17254E+00  9.87417E-01  1.85127E-01
     965.758      1.895   1.600  1.12067E+00  9.82778E-01  1.37894E-01
     966.252      2.389   1.640  1.05807E+00  9.78888E-01  7.91846E-02
     966.758      2.895   1.680  1.00047E+00  9.75702E-01  2.47686E-02
     967.276      3.413   1.720  9.56905E-01  9.73151E-01 -1.62457E-02
     967.806      3.943   1.760  9.30422E-01  9.71232E-01 -4.08097E-02
     968.349      4.486   1.800  9.16938E-01  9.69879E-01 -5.29410E-02
     968.904      5.041   1.840  9.07516E-01  9.69070E-01 -6.15532E-02
     969.471      5.608   1.880  8.95778E-01  9.68740E-01 -7.29620E-02
     970.050      6.187   1.920  8.80821E-01  9.68874E-01 -8.80530E-02
     970.641      6.778   1.960  8.64646E-01  9.69402E-01 -1.04756E-01
     971.245      7.382   2.000  8.50268E-01  9.70327E-01 -1.20059E-01
     971.860      7.997   2.040  8.39699E-01  9.71571E-01 -1.31872E-01
     972.488      8.625   2.080  8.35038E-01  9.73127E-01 -1.38089E-01
     973.128      9.265   2.120  8.43309E-01  9.74954E-01 -1.31645E-01
     973.781      9.917   2.160  8.74623E-01  9.77011E-01 -1.02388E-01
     974.445     10.582   2.200  9.25223E-01  9.79261E-01 -5.40385E-02
     975.122     11.259   2.240  9.66507E-01  9.81677E-01 -1.51699E-02
     975.810     11.947   2.280  9.68301E-01  9.84212E-01 -1.59109E-02
     976.512     12.648   2.320  9.26061E-01  9.86852E-01 -6.07909E-02
     977.225     13.362   2.360  8.63884E-01  9.89547E-01 -1.25663E-01
     977.950     14.087   2.400  8.18638E-01  9.92275E-01 -1.73637E-01
     978.688     14.825   2.440  8.16075E-01  9.95024E-01 -1.78949E-01
     979.438     15.575   2.480  8.43941E-01  9.97724E-01 -1.53783E-01
     980.200     16.337   2.520  8.88330E-01  1.00038E+00 -1.12048E-01
     980.974     17.111   2.560  9.37178E-01  1.00296E+00 -6.57788E-02
     981.760     17.897   2.600  9.80813E-01  1.00543E+00 -2.46216E-02
     982.559     18.696   2.640  1.01444E+00  1.00778E+00  6.66338E-03
     983.369     19.506   2.680  1.03678E+00  1.00998E+00  2.68004E-02
     984.192     20.329   2.720  1.04979E+00  1.01201E+00  3.77845E-02
     985.028     21.165   2.760  1.05626E+00  1.01384E+00  4.24129E-02
     985.875     22.012   2.800  1.05920E+00  1.01548E+00  4.37230E-02
     986.734     22.871   2.840  1.06044E+00  1.01691E+00  4.35284E-02
     987.606     23.743   2.880  1.06108E+00  1.01810E+00  4.29791E-02
     988.490     24.627   2.920  1.06209E+00  1.01906E+00  4.30315E-02
     989.386     25.523   2.960  1.06415E+00  1.01978E+00  4.43716E-02
     990.294     26.431   3.000  1.06658E+00  1.02023E+00  4.63517E-02
     991.215     27.352   3.040  1.06783E+00  1.02046E+00  4.73732E-02
     992.148     28.285   3.080  1.06643E+00  1.02039E+00  4.60362E-02
     993.093     29.230   3.120  1.06212E+00  1.02009E+00  4.20261E-02
     994.050     30.187   3.160  1.05555E+00  1.01955E+00  3.60043E-02
     995.019     31.156   3.200  1.04747E+00  1.01875E+00  2.87202E-02
     996.000     32.137   3.240  1.03886E+00  1.01769E+00  2.11739E-02
     996.994     33.131   3.280  1.03023E+00  1.01641E+00  1.38214E-02
     998.000     34.137   3.320  1.02181E+00  1.01490E+00  6.91616E-03
     999.018     35.155   3.360  1.01414E+00  1.01317E+00  9.62595E-04
    1000.048     36.185   3.400  1.00826E+00  1.01125E+00 -2.98961E-03
    1001.090     37.227   3.440  1.00532E+00  1.00913E+00 -3.81238E-03
    1002.145     38.282   3.480  1.00630E+00  1.00683E+00 -5.29598E-04
    1003.212     39.349   3.520  1.01161E+00  1.00437E+00  7.24740E-03
    1004.291     40.428   3.560  1.02081E+00  1.00176E+00  1.90420E-02
    1005.382     41.519   3.600  1.03254E+00  9.99067E-01  3.34777E-02
    1006.485     42.622   3.640  1.04470E+00  9.96316E-01  4.83813E-02
    1007.601     43.738   3.680  1.05461E+00  9.93605E-01  6.10009E-02
    1008.729     44.866   3.720  1.05919E+00  9.90980E-01  6.82074E-02
